2.351
2.387 
2.4020000000000001
2.4119999999999999 
2.4239999999999999
2.4239999999999999 
2.4369999999999998 
2.5670000000000002 
2.6840000000000002 
2.6989999999999998 
2.5640000000000001 
2.4409999999999998 
2.3090000000000002 
2.2759999999999998 
2.2679999999999998
2.2709999999999999
2.2730000000000001 
2.2730000000000001 
2.2949999999999999 
2.4180000000000001 
2.5489999999999999
2.569
2.4740000000000002
2.3740000000000001
2.2570000000000001
2.2450000000000001
2.25
2.2549999999999999
2.2589999999999999
2.2679999999999998
2.2959999999999998
2.4239999999999999
2.5710000000000002
2.5950000000000002
2.48
2.3799999999999999

